3,2
3,1
3,3
10,71
10,177
10,8
10,155
10,137
276,3
11,6
276,2
276,1
11,4
276,0
275,4
275,3
275,2
275,1
275,0
271,4
271,3
8,5
271,2
271,1
8,7
271,0
8,17
268,4
8,9
268,3
8,6
268,2
8,2
268,1
8,3
268,0
265,4
265,3
265,2
265,1
265,0
264,4
264,3
264,2
264,1
264,0
263,4
263,3
263,2
263,1
263,0
261,5
261,4
261,3
261,2
261,1
261,0
260,4
260,3
260,2
260,1
260,0
259,4
259,3
259,2
259,1
259,0
258,4
258,3
258,2
258,1
12,3
12,2
12,1
11,30
20,2
11,27
20,1
11,26
11,25
20,3
11,24
11,23
11,22
11,21
11,20
11,19
11,18
11,17
11,16
11,15
19,2
11,14
19,1
11,12
11,11
19,3
11,10
11,9
11,8
11,7
11,5
11,3
11,2
11,1
10,315
10,312
10,307
10,306
10,296
10,286
10,259
10,249
10,148
18,1
10,123
